dense_layer_size: 128
dropout_rate: 0.12460000414651576
freezing_ratio: 0.7489992412126087
learning_rate: 1.6487367629881967e-05
num_dense_layers: 1
