dense_layer_size: 128
dropout_rate: 0.38449809702813276
freezing_ratio: 0.7291015174410638
learning_rate: 0.00040279352061341114
num_dense_layers: 2
