dense_layer_size: 128
dropout_rate: 0.32890252014687676
freezing_ratio: 0.7036385142825641
learning_rate: 3.430048320929881e-05
num_dense_layers: 1
