dense_layer_size: 512
dropout_rate: 0.21955142031921204
freezing_ratio: 0.8231700196104433
learning_rate: 7.374002805074e-05
num_dense_layers: 2
