dense_layer_size: 128
dropout_rate: 0.30142083586378926
freezing_ratio: 0.7380891051392644
learning_rate: 0.00033105972906042214
num_dense_layers: 2
