dense_layer_size: 128
dropout_rate: 0.22343053980167885
freezing_ratio: 0.7235239590388263
learning_rate: 1.8671412869319338e-05
num_dense_layers: 1
