dense_layer_size: 128
dropout_rate: 0.1950524945499019
freezing_ratio: 0.7457467705668894
learning_rate: 3.193933255327533e-05
num_dense_layers: 1
