dense_layer_size: 256
dropout_rate: 0.38436697208611414
freezing_ratio: 0.7163878508059586
learning_rate: 1.808093297081557e-05
num_dense_layers: 1
