dense_layer_size: 128
dropout_rate: 0.39060038690103416
freezing_ratio: 0.8075235877745415
learning_rate: 0.0003448728420654776
num_dense_layers: 3
